!
!!
"
#
##
$
$$
$123
%
%%
&
'
*
0
00
000
0000
00000
000000
0000000
00000000
000000000
001
002
003
004
005
006
007
008
009
01
010
010101
01010101
0101010101
010203
01020304
0102030405
011
012
0123456789
013
014
015
016
017
018
019
02
020
021
022
023
024
025
026
027
028
029
03
030
031
032
033
034
035
036
037
038
039
04
040
041
042
043
044
045
046
047
048
049
05
050
051
052
053
054
055
056
057
058
059
06
060
061
062
063
064
065
066
067
068
069
07
070
071
072
073
074
075
076
077
078
079
08
080
081
082
083
084
085
086
087
088
089
09
090
091
092
093
094
095
096
097
098
0987654321
099
1
10
101010
10101010
1010101010
101112
102030
10203040
1020304050
11
111
1111
11111
111111
1111111
11111111
111111111
1111111111
112233
12
1212
121212
1212121212
121314
123123
123123123
12321
123321
12345
123456
1234567
12345678
123456789
1234567890
123654
123789
123mudar
124578
13
1313
131313
14
1414
141414
142536
147258
15
1515
151515
159753
16
1616
161616
17
1717
171717
18
1818
181818
19
1900
1919
191919
1950
1951
1952
1953
1954
1955
1956
1957
1958
1959
1960
1961
1962
1963
1964
1965
1966
1967
1968
1969
1970
1971
1972
1973
1974
1975
1976
1977
1978
1979
1980
1981
1982
1983
1984
1985
1986
1987
1988
1989
1990
1991
1992
1993
1994
1995
1996
1997
1998
1999
2
20
200
2000
2001
2002
2003
2004
2005
2006
2007
2008
2009
2010
2011
2012
2013
2014
2015
2016
2017
2018
2019
2020
202020
2021
2022
2023
2024
2025
2026
2027
2028
2029
2030
2031
21
2121
212121
22
2222
22222
222222
2222222
22222222
222222222
223344
23
2323
232323
235689
24
2424
242424
25
2525
252525
26
2626
262626
27
2727
272727
28
2828
282828
29
2929
292929
3
30
3030
303030
31
3131
313131
32
3232
323232
33
333
3333
33333
333333
3333333
33333333
333333333
34
3434
343434
35
3535
353535
36
3636
37
3737
38
3838
39
3939
4
40
41
42
43
43210
44
4444
44444
444444
4444444
44444444
444444444
45
456123
46
47
48
49
5
50
51
52
53
54
54321
543210
55
555
5555
55555
555555
5555555
55555555
555555555
56
57
58
59
6
60
61
62
63
64
65
654321
6543210
66
666
66666
666666
6666666
66666666
666666666
67
68
69
696969
7
70
71
72
73
74
741852
75
76
7654321
76543210
77
777
7777
77777
777777
7777777
77777777
777777777
78
789456
79
8
80
81
82
83
84
85
86
87
87654321
876543210
88
888
8888
88888
888888
8888888
88888888
89
9
90
91
92
93
94
95
96
97
98
987654321
9876543210
99
999
9999
99999
999999
9999999
99999999
999999999
@
@@
@@@
@@@@
abc
abc$123
abc123
abcd
abcde
abcdef
cba$231
cba231
mudar
querty
qwerty
test
teste
trewq
ytrewq
zxcvb
zxcvbnm
