########
$$$$$$$$
%%%%%%%%
&&&&&&&&
********
*********
**********
00000000
01010101
01234567
012345678
0123456789
02020202
03030303
04040404
05050505
06060606
07070707
08080808
09090909
0987654321
10101010
1010101010
10203040
1020304050
102030405060
11111111
11121314
1112131415
11223344
1122334455
12121212
12341234
12344321
12345678
123456789
1234567890
13131313
14141414
15151515
16161616
17171717
18181818
19191919
20152015
20152016
20202020
2020202020
21212121
21222324
22222222
23232323
24242424
25252525
26262626
27272727
28282828
29292929
30303030
3030303030
31313131
31323334
32323232
33333333
34343434
35353535
36363636
37373737
38383838
39393939
40404040
4040404040
41414141
41424344
42424242
43214321
43434343
44332211
44444444
45454545
46464646
47474747
48484848
49494949
50505050
5050505050
51515151
51525354
52525252
53535353
54545454
55555555
56565656
57575757
58585858
59595959
60606060
6060606060
61616161
61626364
62626262
63636363
64646464
65656565
66666666
67676767
68686868
69696969
70707070
7070707070
71717171
71727374
72727272
73737373
74747474
75757575
76543210
76767676
77777777
78787878
79797979
80808080
8080808080
81818181
81828384
82828282
83838383
84848484
85858585
86868686
87654321
876543210
87878787
88888888
89898989
9080706050
90909090
9090909090
91919191
91929394
92929292
93939393
94949494
95959595
96969696
97979797
987654321
9876543210
98989898
99887766
99999999
@@@@####
@@@@@@@@
CP1139RM8YQ
a0a1a2a3
a1b2c3d4
a1b2c3d4e5
a1s2d3f4
aaaaaaaa
aaaaaaaaaa
aabbccdd
aabbccddee
abcdefgh
abcdefghi
abcdefghij
asdfghjk
asdfghjkl
ferreiramaria
gvt12345
p@$$w0rd
p@ssw0rd
p@ssword
pa$$word
passw0rd
password
passwords
q1w2e3r4
qwertyui
qwertyuiop
wireless
z1x2c3v4
